
trap_numbers <- c(111111111111, 222222222222, 333333333333,
                     444444444444, 555555555555, 666666666666,
                     777777777777, 888888888888, 999999999999,
                     010101010101, 020202020202, 030303030303,
                     040404040404, 050505050505, 060606060606,
                     070707070707, 080808080808, 090909090909,
                     123456789012, 987654321098, 101112131415,
                     102030405060, 204060802040, 123456654321,
                     112233445566, 998877665544, 010203040506,
                     100110011001, 200220022002, 300330033003, 
                     400440044004, 500550055005, 600660066006,
                     700770077007, 800880088008, 900990099009,
                     135791357913, 246802468024, 112222222211,
                     113333333311, 114444444411, 115555555511,
                     116666666611, 117777777711, 118888888811,
                     119999999911, 110000000011, 220000000022,
                     221111111122, 223333333322, 224444444422,
                     225555555522, 226666666622, 227777777722,
                     228888888822, 229999999922, 330000000033,
                     331111111133, 332222222233, 334444444433,
                     335555555533, 336666666633, 337777777733,
                     338888888833, 339999999933, 440000000044,
                     441111111144, 442222222244, 443333333344,
                     445555555544, 446666666644, 447777777744,
                     448888888844, 449999999944, 550000000055,
                     551111111155, 552222222255, 553333333355,
                     554444444455, 556666666655, 557777777755,
                     558888888855, 559999999955, 660000000066)